  Problem      m    n     nvar    ssum    dsum    kvot s/d
  p1          10   50      510     2533.00     1456.00   1.73970
  p2          10   50      510     2533.00     1456.00   1.73970
  p3          10   50      510     2533.00     1456.00   1.73970
  p4          10   50      510     2533.00     1456.00   1.73970
  p5          10   50      510     2000.00     1456.00   1.37363
  p6          10   50      510     2000.00     1456.00   1.37363
  p7          10   50      510     2000.00     1456.00   1.37363
  p8          10   50      510     2000.00     1456.00   1.37363
  p9          10   50      510     3000.00     1456.00   2.06044
  p10         10   50      510     3000.00     1456.00   2.06044
  p11         10   50      510     3000.00     1456.00   2.06044
  p12         10   50      510     3000.00     1456.00   2.06044
  p13         20   50     1020     7902.00     2855.00   2.76778
  p14         20   50     1020     7902.00     2855.00   2.76778
  p15         20   50     1020     7902.00     2855.00   2.76778
  p16         20   50     1020     7902.00     2855.00   2.76778
  p17         20   50     1020     8000.00     2855.00   2.80210
  p18         20   50     1020     8000.00     2855.00   2.80210
  p19         20   50     1020     8000.00     2855.00   2.80210
  p20         20   50     1020     8000.00     2855.00   2.80210
  p21         20   50     1020    10000.00     2855.00   3.50263
  p22         20   50     1020    10000.00     2855.00   3.50263
  p23         20   50     1020    10000.00     2855.00   3.50263
  p24         20   50     1020    10000.00     2855.00   3.50263
  p25         30  150     4530    12234.00     2970.00   4.11919
  p26         30  150     4530    12234.00     2970.00   4.11919
  p27         30  150     4530    12234.00     2970.00   4.11919
  p28         30  150     4530    12234.00     2970.00   4.11919
  p29         30  150     4530     9000.00     2970.00   3.03030
  p30         30  150     4530     9000.00     2970.00   3.03030
  p31         30  150     4530     9000.00     2970.00   3.03030
  p32         30  150     4530     9000.00     2970.00   3.03030
  p33         30  150     4530    12000.00     2970.00   4.04040
  p34         30  150     4530    12000.00     2970.00   4.04040
  p35         30  150     4530    12000.00     2970.00   4.04040
  p36         30  150     4530    12000.00     2970.00   4.04040
  p37         30  150     4530    18000.00     2970.00   6.06061
  p38         30  150     4530    18000.00     2970.00   6.06061
  p39         30  150     4530    18000.00     2970.00   6.06061
  p40         30  150     4530    18000.00     2970.00   6.06061
  p41         10   90      910     2753.00     1299.00   2.11932
  p42         20   80     1620     5804.00     1163.00   4.99054
  p43         30   70     2130     8847.00     1068.00   8.28371
  p44         10   90      910     2753.00     1568.00   1.75574
  p45         20   80     1620     5804.00     1401.00   4.14276
  p46         30   70     2130     8847.00     1246.00   7.10032
  p47         10   90      910     2753.00     1560.00   1.76474
  p48         20   80     1620     5804.00     1430.00   4.05874
  p49         30   70     2130     8847.00     1250.00   7.07760
  p50         10  100     1010     2753.00     1458.00   1.88820
  p51         20  100     2020     5804.00     1458.00   3.98080
  p52         10  100     1010     2753.00     1724.00   1.59687
  p53         20  100     2020     5804.00     1724.00   3.36659
  p54         10  100     1010     2753.00     1810.00   1.52099
  p55         20  100     2020     5804.00     1810.00   3.20663
  p56         30  200     6030    12000.00     6076.00   1.97498
  p57         30  200     6030    12000.00     6076.00   1.97498
  p58         30  200     6030    12000.00     6076.00   1.97498
  p59         30  200     6030    12000.00     6076.00   1.97498
  p60         30  200     6030    18000.00     6076.00   2.96248
  p61         30  200     6030    18000.00     6076.00   2.96248
  p62         30  200     6030    18000.00     6076.00   2.96248
  p63         30  200     6030    18000.00     6076.00   2.96248
  p64         30  200     6030    24000.00     6076.00   3.94997
  p65         30  200     6030    24000.00     6076.00   3.94997
  p66         30  200     6030    24000.00     6076.00   3.94997
  p68         30  200     6030    18096.00     6076.00   2.97828
  p69         30  200     6030    18096.00     6076.00   2.97828
  p70         30  200     6030    18096.00     6076.00   2.97828
  p71         30  200     6030    18096.00     6076.00   2.97828
